4.899999999999999911e-01 2.500000000000000139e-02 4.849999999999999867e-01
3.099999999999999978e-01 1.000000000000000056e-01 5.899999999999999689e-01
3.750000000000000000e-01 1.049999999999999961e-01 5.200000000000000178e-01
1.449999999999999900e-01 5.999999999999999778e-01 2.550000000000000044e-01
4.899999999999999911e-01 1.749999999999999889e-01 3.350000000000000200e-01
4.299999999999999933e-01 5.000000000000000278e-02 5.200000000000000178e-01
3.549999999999999822e-01 7.000000000000000666e-02 5.749999999999999556e-01
4.600000000000000200e-01 0.000000000000000000e+00 5.400000000000000355e-01
4.249999999999999889e-01 1.950000000000000067e-01 3.800000000000000044e-01
5.100000000000000089e-01 1.300000000000000044e-01 3.599999999999999867e-01
4.349999999999999978e-01 4.000000000000000083e-02 5.250000000000000222e-01
3.800000000000000044e-01 2.000000000000000042e-02 5.999999999999999778e-01
4.149999999999999800e-01 3.500000000000000333e-02 5.500000000000000444e-01
3.049999999999999933e-01 1.600000000000000033e-01 5.350000000000000311e-01
2.600000000000000089e-01 3.549999999999999822e-01 3.850000000000000089e-01
2.000000000000000042e-02 6.850000000000000533e-01 2.949999999999999845e-01
