6.300000000000000044e-01 2.750000000000000222e-01 9.500000000000000111e-02
5.999999999999999778e-01 2.899999999999999800e-01 1.100000000000000006e-01
6.450000000000000178e-01 2.500000000000000000e-01 1.049999999999999961e-01
2.000000000000000111e-01 6.550000000000000266e-01 1.449999999999999900e-01
6.899999999999999467e-01 2.149999999999999967e-01 9.500000000000000111e-02
7.500000000000000000e-01 1.700000000000000122e-01 8.000000000000000167e-02
7.249999999999999778e-01 1.900000000000000022e-01 8.500000000000000611e-02
8.750000000000000000e-01 0.000000000000000000e+00 1.250000000000000000e-01
6.600000000000000311e-01 2.200000000000000011e-01 1.199999999999999956e-01
5.699999999999999512e-01 3.599999999999999867e-01 7.000000000000000666e-02
6.750000000000000444e-01 2.550000000000000044e-01 7.000000000000000666e-02
4.650000000000000244e-01 4.349999999999999978e-01 1.000000000000000056e-01
7.249999999999999778e-01 2.250000000000000056e-01 5.000000000000000278e-02
6.700000000000000400e-01 2.550000000000000044e-01 7.499999999999999722e-02
2.099999999999999922e-01 6.949999999999999512e-01 9.500000000000000111e-02
4.000000000000000083e-02 8.349999999999999645e-01 1.250000000000000000e-01
