5.300000000000000266e-01 3.500000000000000333e-02 4.349999999999999978e-01
2.999999999999999889e-01 8.999999999999999667e-02 6.099999999999999867e-01
3.499999999999999778e-01 1.199999999999999956e-01 5.300000000000000266e-01
1.449999999999999900e-01 5.600000000000000533e-01 2.949999999999999845e-01
4.949999999999999956e-01 1.000000000000000056e-01 4.050000000000000266e-01
4.600000000000000200e-01 4.499999999999999833e-02 4.949999999999999956e-01
4.349999999999999978e-01 5.000000000000000278e-02 5.150000000000000133e-01
4.299999999999999933e-01 0.000000000000000000e+00 5.699999999999999512e-01
4.400000000000000022e-01 2.149999999999999967e-01 3.449999999999999734e-01
5.000000000000000000e-01 1.049999999999999961e-01 3.950000000000000178e-01
3.850000000000000089e-01 4.499999999999999833e-02 5.699999999999999512e-01
3.850000000000000089e-01 1.499999999999999944e-02 5.999999999999999778e-01
4.349999999999999978e-01 1.000000000000000021e-02 5.550000000000000488e-01
3.150000000000000022e-01 1.650000000000000078e-01 5.200000000000000178e-01
2.949999999999999845e-01 3.499999999999999778e-01 3.549999999999999822e-01
0.000000000000000000e+00 6.450000000000000178e-01 3.549999999999999822e-01
