7.399999999999999911e-01 7.499999999999999722e-02 1.849999999999999978e-01
2.600000000000000089e-01 1.700000000000000122e-01 5.699999999999999512e-01
3.750000000000000000e-01 2.750000000000000222e-01 3.499999999999999778e-01
1.000000000000000021e-02 9.849999999999999867e-01 5.000000000000000104e-03
6.450000000000000178e-01 3.200000000000000067e-01 3.500000000000000333e-02
4.949999999999999956e-01 1.300000000000000044e-01 3.750000000000000000e-01
3.900000000000000133e-01 1.350000000000000089e-01 4.749999999999999778e-01
5.200000000000000178e-01 0.000000000000000000e+00 4.799999999999999822e-01
5.350000000000000311e-01 4.349999999999999978e-01 2.999999999999999889e-02
6.650000000000000355e-01 3.200000000000000067e-01 1.499999999999999944e-02
4.650000000000000244e-01 1.350000000000000089e-01 4.000000000000000222e-01
3.250000000000000111e-01 2.500000000000000139e-02 6.500000000000000222e-01
4.149999999999999800e-01 1.499999999999999944e-02 5.699999999999999512e-01
4.600000000000000200e-01 3.099999999999999978e-01 2.300000000000000100e-01
5.000000000000000104e-03 9.899999999999999911e-01 5.000000000000000104e-03
0.000000000000000000e+00 9.849999999999999867e-01 1.499999999999999944e-02
