7.666666666666667185e-01 6.666666666666666574e-02 1.666666666666666574e-01
2.999999999999999889e-01 1.000000000000000056e-01 5.999999999999999778e-01
3.666666666666666408e-01 2.999999999999999889e-01 3.333333333333333148e-01
0.000000000000000000e+00 1.000000000000000000e+00 0.000000000000000000e+00
7.666666666666667185e-01 1.666666666666666574e-01 6.666666666666666574e-02
5.333333333333333259e-01 1.000000000000000056e-01 3.666666666666666408e-01
4.000000000000000222e-01 1.666666666666666574e-01 4.333333333333333481e-01
5.000000000000000000e-01 0.000000000000000000e+00 5.000000000000000000e-01
4.666666666666666741e-01 4.666666666666666741e-01 6.666666666666666574e-02
5.666666666666666519e-01 3.666666666666666408e-01 6.666666666666666574e-02
4.000000000000000222e-01 6.666666666666666574e-02 5.333333333333333259e-01
3.666666666666666408e-01 1.333333333333333315e-01 5.000000000000000000e-01
4.333333333333333481e-01 3.333333333333333287e-02 5.333333333333333259e-01
4.000000000000000222e-01 4.333333333333333481e-01 1.666666666666666574e-01
0.000000000000000000e+00 1.000000000000000000e+00 0.000000000000000000e+00
0.000000000000000000e+00 9.666666666666666741e-01 3.333333333333333287e-02
