6.899999999999999467e-01 5.000000000000000278e-02 2.600000000000000089e-01
2.099999999999999922e-01 1.100000000000000006e-01 6.800000000000000488e-01
4.099999999999999756e-01 1.400000000000000133e-01 4.500000000000000111e-01
1.000000000000000056e-01 7.199999999999999734e-01 1.799999999999999933e-01
5.799999999999999600e-01 1.400000000000000133e-01 2.800000000000000266e-01
5.300000000000000266e-01 2.000000000000000042e-02 4.500000000000000111e-01
4.000000000000000222e-01 1.100000000000000006e-01 4.899999999999999911e-01
3.800000000000000044e-01 0.000000000000000000e+00 6.199999999999999956e-01
5.400000000000000355e-01 2.000000000000000111e-01 2.600000000000000089e-01
6.300000000000000044e-01 1.300000000000000044e-01 2.399999999999999911e-01
4.400000000000000022e-01 7.000000000000000666e-02 4.899999999999999911e-01
4.099999999999999756e-01 1.000000000000000021e-02 5.799999999999999600e-01
4.400000000000000022e-01 0.000000000000000000e+00 5.600000000000000533e-01
3.699999999999999956e-01 1.799999999999999933e-01 4.500000000000000111e-01
2.200000000000000011e-01 4.099999999999999756e-01 3.699999999999999956e-01
0.000000000000000000e+00 6.600000000000000311e-01 3.400000000000000244e-01
