3.800000000000000044e-01 5.999999999999999778e-02 5.600000000000000533e-01
1.900000000000000022e-01 1.000000000000000056e-01 7.099999999999999645e-01
2.399999999999999911e-01 5.000000000000000278e-02 7.099999999999999645e-01
1.100000000000000006e-01 5.200000000000000178e-01 3.699999999999999956e-01
4.699999999999999734e-01 8.999999999999999667e-02 4.400000000000000022e-01
3.800000000000000044e-01 1.000000000000000021e-02 6.099999999999999867e-01
2.700000000000000178e-01 2.999999999999999889e-02 6.999999999999999556e-01
2.800000000000000266e-01 0.000000000000000000e+00 7.199999999999999734e-01
3.099999999999999978e-01 2.800000000000000266e-01 4.099999999999999756e-01
4.600000000000000200e-01 1.499999999999999944e-01 3.900000000000000133e-01
2.600000000000000089e-01 2.000000000000000042e-02 7.199999999999999734e-01
2.200000000000000011e-01 1.000000000000000021e-02 7.700000000000000178e-01
2.300000000000000100e-01 1.000000000000000021e-02 7.600000000000000089e-01
2.800000000000000266e-01 1.300000000000000044e-01 5.899999999999999689e-01
1.700000000000000122e-01 4.099999999999999756e-01 4.199999999999999845e-01
0.000000000000000000e+00 6.400000000000000133e-01 3.599999999999999867e-01
